X:-1.2796690138091378
Y:-0.06439950102325322

X:-0.7298140810443848
Y:-0.255577825234868

X:-1.279667965876676
Y:-0.06439851879530276

X:-1.1874755012989047
Y:-0.30410482235252867