X:-1.2796690138091378 Y:-0.06439950102325322
X:-0.7298140810443848 Y:-0.255577825234868